3.813591003              %25degreeC experimental data
3.745599508
3.716134071
3.697249413
3.683956146
3.673239231
3.663868427
3.654504776
3.644954443
3.634744167
3.623246908
3.610104799
3.595073938
3.578690767
3.561151505
3.543590546
3.52622056
3.509293079
3.493284941
3.478235006
3.463361263
3.449174166
3.435084105
3.420971632
3.406618595
3.39187336
3.376799107
3.361414194
3.345580578
3.329528093
3.313210726
3.297030687
3.280991316
3.265031815
3.24971962
3.235033512
3.221103191
3.207888126
3.19557929
3.183927536
3.172984838
3.162251472
3.151845217
3.141775846
3.131531715
3.121413708
3.111053467
3.100889444
3.090194225
3.079425097
3.067946911
3.055830002
3.042959452
3.029539585
3.014633656
2.998571873
2.981081009
2.961527109
2.939378977
2.913357735
2.881973267
2.844485998
2.80021286